233168
4613732
6857
906609
232792560
25164150
104743
40824
31875000
142913828922
70600674
76576500
5537376230
837799
137846528820
1366
21124
1074
171
648
31626
871198282
4179871
2783915460
4782
983
-59231
669171001
9183
443839
73682
45228
100
40730
55
872187
748317
932718654
840
210
7652413
162
16695334890
5482660
1533776805
5777
134043
9110846700
296962999629
997651
121313
142857
4075
376
249
972
153
26241
107359
26033
28684
127035954683
49
1322
272
661
7273
6531031914842725
510510
8319823
428570
303963552391
7295372
402
161667
190569291
71
55374
73162890
40886
427337
260324
425185
101524
2772
1818
1097343
7587457
743
1217
14234
8581146
1258
518408346
14316
24702
8739992577
18769
709
756872327473
37076114526
228
20313839404245
329468
73702
21384
259679
180180
38182
9350130049860600
612407567715
1587000
51161058134250
16475640049
168
20492570929
100808458960497
44680
248155780267521
333082500
2269
1582
21035
21417
2906969179
18522
18407904
14516824220
1000023
149253
173
843296
453647705
18613426663617118
4989
2544559
1120149658760
1118049290473932
10057761
5673835352990
878454337159
1006193
30758397
354
608720
676333270
846910284
2129970655314432
52852124
-271248680
0.464399
301
17971254122360635
479742450
3857447
21295121502550
53490
409511334375
14489159
16576
20574308184277971
3D58725572C62302
343047
378158756814587
2868868
7130034
3916160068885
59206
178653872807
9857164023
142989277
227485267000992000
1572729
209566
1,13717420,8
96818198400000
129325
126461847755
986262
285196020571078987
83735848679360680
399788195976
48861552
1725323624056
4640261571849533
2325629
17427258
95962097
10834893628237824
371048281
1918080160
57060635927998347
684465067343069
61190912
75085391
322303240771079935
1.710637717
52374425
0.00396087
229161792008
115039000
1209002624
34029210557338
2944730
0.5731441
1389019170
44043947822
331951449665644800
15964587728784
1598174770174689458
1922364685
328968937309
330.721154
1677366278943
806844323190414
5437849
6273134
0
64564225042
139776,963904
1884161251122450
1590933
61614848
4137330
2009
0.11316017
3780.618622
86226
11325263
850481152593119296
7526965179680
0.83648556
271204031455541309
1259187438574927161
1.002322108633
123/59
15836928
9922545104535661
0.001887854841
7448717393364181966
482316491800641154
997104142249036713
892371480
96356848
288084712410001
810834388
782252
23507044290
9275262564250418
1425480602091519
18946051
104924.0
11.492847
8184523820510
4.4474011180
85765680
139012411
12747994
20101196798
167542057
238890850232021
2531.205
2039506520
2816417.1055
209110240768
1096883702440585
0.999992836187
785478606870985
1311109198529286
82282080
4617456485273129588
8495585919506151122
2032447591196869022
1601912348822
15030564
5777137137739632912
1125977393124310
1228215747273908452
416577688
430.088247
1485776387445623
1098988351
28038042525570324
5a411d7b
157055.80999
52.6494571953
313135496
605857431263981935
6567944538
20444710234716473
4037526
3600060866
2209
789184709
4884650818
1137208419
2252639041804718029
1.76882294
549936643
8.0540771484375
2178309
1170060
1111981904675169
283988410192
18174995535140
852938
0.7311720251
1539669807660924
210139
2586528661783
2466018557
324681947
2057774861813004
132.52756426
13625242
542934735751917735
1856532.8455
709313889
268457129
278157919195482643
2470433131948040
999998760323313995
6.3551758451
96972774
54672965
1966666166408794329
34315549139516
260511850222
199740353/29386561536000
15955822
467178235146843549
2717.751525
3053105
150320021261690835
5032316
CAGBIHEFJDK
85068035
15614292
19823.542204
291504964
56098610614277014
5943040885644
269533451410884183
65579304332
13938
336108797689259276
11109800204052
1004195061
115384615384614952
84664213
11762187201804552
378563.260589
1.2759860331
58065134
1726545007
28010159
1739023853137
3284144505
40632119
878825614395267072
178476944
457895958010
0.0000372091
44855254
162619462356610313
88351299
48271207 
253.6135092068
862400558448
41791929448408
40.66368097
301450082318807027
727227472448913
334420941
7435327983715286168
973059630185670
732385277
147534623725724718
132314136838185
6.3202e25093
139602943319822
697003956
22173624649806
3354706415856332783
3776957309612153700
528755790
696067597313468
831907372805129931
2406376.3623
2919133642971
61029882288
3.1486734435
112398351350823112
3.2370342194
28.2453753155
173214653
141630459461893728
2010.59096 
1508395636674243,6.5e27330467 
438505383468410633
281632621
356019862
18224771
1199215615081353
237696125
36813.12757207
39782849136421
299742733
253223948

9936352
38788800
3079418648040719



446572970925740 
1177163565297340320
998567458,1046245404,43363922
145159332




46479497324



98792821
5000624921.38